75 年限总和法提计折旧表: 
75.1 编号: 8, 
75.2 固定资产名称: 离心风机, 
75.3 类别名称: , 
75.4 机器设备: , 
75.5 使用部门: , 
75.6 管理部门: , 
75.7 启用日期: 2004-10-0100:00:00, 
75.8 使用年限: 14, 
75.9 资产状态: 报废, 
75.10 资产原值: 3960, 
75.11 净残值率: 0.05, 
75.12 净残值: 198, 

76 固定资产折旧计算: 
76.1 年份: 0, 1, 2, 3, 4, 5, 6, 7, 8, 9, 10, 11, 12, 
76.2 年折旧额: None, 501.6, 465.77142857142854, 429.9428571428571, 394.1142857142857, 358.2857142857143, 322.45714285714286, 286.62857142857143, 250.8, 214.97142857142856, 179.14285714285714, 143.31428571428572, 107.48571428571428, 
76.3 年折旧率: None, 0.12666666666666668, 0.11761904761904761, 0.10857142857142857, 0.09952380952380951, 0.09047619047619047, 0.08142857142857143, 0.07238095238095238, 0.06333333333333334, 0.054285714285714284, 0.04523809523809524, 0.03619047619047619, 0.027142857142857142, 
76.4 月折旧额: None, 41.8, 38.81, 35.83, 32.84, 29.86, 26.87, 23.89, 20.9, 17.91, 14.93, 11.94, 8.96, 
76.5 月折旧率: None, 0.01056, 0.0098, 0.00905, 0.00829, 0.00754, 0.00679, 0.00603, 0.00528, 0.00452, 0.00377, 0.00302, 0.00226, 
76.6 累计折旧额: None, 501.6, 967.3714285714286, 1397.3142857142857, 1791.4285714285713, 2149.714285714286, 2472.171428571429, 2758.8, 3009.6000000000004, 3224.571428571429, 3403.7142857142862, 3547.028571428572, 3654.5142857142864, 
76.7 折余价值: 3960, 3458.4, 2992.6285714285714, 2562.6857142857143, 2168.5714285714284, 1810.2857142857142, 1487.8285714285712, 1201.1999999999998, 950.3999999999996, 735.4285714285711, 556.2857142857138, 412.9714285714281, 305.4857142857136, 

